0x6dbA02d1A9f8248aCe5fFE63a0d75e98C157a430,SAR,sarvy,8
